1 -0.0611806 -0.0880438 -0.0611806 -0.0611806 -0.0597148 -0.0611806 0.149438 0.133963 0.00568842 -0.0354746 -0.0551401 -0.058032 -0.0551401 -0.0551401 -0.0551401 -0.0462855 -0.0551401 -0.0587263 -0.0859455 -0.0575385 -0.0460852 -0.0551401 -0.0503989 -0.0533075 -0.0533075 -0.0533075 -0.0533075 -0.0556721 -0.0562027 -0.0611806 -0.085765 0.0150344 0.469934 -0.0345349 0.225604 -0.0599059 0.286065 0.227288 -0.0647348 -0.0657706 -0.0416592 -0.0636932 0.0180163 -0.180307 0.223627 -0.167537 0.243697 -0.016276 0.0238279 0.0238279 0.221373 -0.133566 -0.131506 -0.132192 -0.132192 -0.132192 -0.132192 -0.132192 -0.131506 -0.131506 -0.133584 -0.124768 -0.0786734 -0.0786734 -0.0786734 -0.0786734 -0.110904 -0.0786734 -0.0786734 0.0893445 -0.112346 -0.112346 -0.109935 -0.112346 -0.112346 -0.112346 -0.112346 -0.112346 -0.112346 -0.111863 -0.0791125 -0.0791125 -0.0791125 -0.0791125 -0.0791125 -0.0897112 0.0528228 -0.0831101 -0.114483 -0.0563287 -0.114483 -0.114483 -0.114483 -0.0795005 -0.0631439 -0.114483 -0.0795005 -0.0795005 -0.0631439 -0.112072 -0.114483 -0.114962 -0.115689 -0.0649664 -0.0636573 -0.0437402 -0.0618364 0.0456898 0.0360947
-0.0611806 1 -0.00850696 1 1 0.983743 1 -0.133322 0.122782 -0.0346264 -0.029706 0.102209 0.141989 0.102209 0.102209 0.102209 -0.0525843 0.102209 0.00699342 -0.0072327 0.00768516 -0.0200378 0.102209 0.104638 0.103006 0.103006 0.103006 0.103006 0.134957 0.134502 0 -0.0630565 -0.0831468 0.210285 0.0764261 0.114528 0.0120087 -0.0569163 0.115295 -0.0659042 -0.0662245 0.533358 -0.0655831 -0.0932951 -0.0536715 -0.0735561 -0.0573969 -0.0641113 -0.106087 -0.109431 -0.109431 -0.0560143 -0.07482 -0.0738976 -0.0742046 -0.0742046 -0.0742046 -0.0742046 -0.0742046 -0.0738976 -0.0738976 -0.0731378 -0.0743659 0.218057 0.218057 0.218057 0.218057 0.0761449 0.218057 0.218057 -0.0626188 0.0757641 0.0757641 0.0768518 0.0757641 0.0757641 0.0757641 0.0757641 0.0757641 0.0757641 0.0761172 0.216316 0.216316 0.216316 0.216316 0.216316 0.127214 -0.0848079 0.0232983 0.0766616 -0.00181419 0.0766616 0.0766616 0.0766616 0.217377 -0.0681287 0.0766616 0.217377 0.217377 -0.0681287 0.077753 0.0766616 0.0763076 0.0761172 -0.0688908 -0.0682816 0.0514195 -0.0675207 -0.0356912 -0.0350407
-0.0880438 -0.00850696 1 -0.00850696 -0.00850696 -0.00701888 -0.00850696 -0.177444 -0.179868 -0.0330965 -0.0458665 0.232154 0.234912 0.232154 0.232154 0.232154 -0.0277319 0.232154 0.921089 -0.0492783 0.913597 -0.0309386 0.232154 0.236122 0.233386 0.233386 0.233386 0.233386 0.236876 0.236133 -0.0297744 0.527355 -0.0740163 -0.107287 -0.0360647 0.177848 -0.00974954 -0.0579077 0.179035 -0.0452253 -0.0459146 -0.0616572 -0.0445322 0.159812 -0.100176 -0.0957507 -0.108409 -0.0623852 -0.143416 -0.148634 -0.148634 -0.0620773 -0.110869 -0.109452 -0.109924 -0.109924 -0.109924 -0.109924 -0.109924 -0.109452 -0.109452 -0.108276 -0.110163 -0.0920257 -0.0920257 -0.0920257 -0.0920257 -0.159626 -0.0920257 -0.0920257 -0.0250663 -0.160763 -0.160763 -0.159172 -0.160763 -0.160763 -0.160763 -0.160763 -0.160763 -0.160763 -0.160537 -0.0838214 -0.0838214 -0.0838214 -0.0838214 -0.0838214 0.0127753 0.288897 -0.0166405 -0.15974 0.0317463 -0.15974 -0.15974 -0.15974 -0.0842324 -0.106064 -0.15974 -0.0842324 -0.0842324 -0.106064 -0.15815 -0.15974 -0.159967 -0.160537 -0.10724 -0.106298 -0.0372189 -0.105124 -0.113681 -0.112942
-0.0611806 1 -0.00850696 1 1 0.983743 1 -0.133322 0.122782 -0.0346264 -0.029706 0.102209 0.141989 0.102209 0.102209 0.102209 -0.0525843 0.102209 0.00699342 -0.0072327 0.00768516 -0.0200378 0.102209 0.104638 0.103006 0.103006 0.103006 0.103006 0.134957 0.134502 0 -0.0630565 -0.0831468 0.210285 0.0764261 0.114528 0.0120087 -0.0569163 0.115295 -0.0659042 -0.0662245 0.533358 -0.0655831 -0.0932951 -0.0536715 -0.0735561 -0.0573969 -0.0641113 -0.106087 -0.109431 -0.109431 -0.0560143 -0.07482 -0.0738976 -0.0742046 -0.0742046 -0.0742046 -0.0742046 -0.0742046 -0.0738976 -0.0738976 -0.0731378 -0.0743659 0.218057 0.218057 0.218057 0.218057 0.0761449 0.218057 0.218057 -0.0626188 0.0757641 0.0757641 0.0768518 0.0757641 0.0757641 0.0757641 0.0757641 0.0757641 0.0757641 0.0761172 0.216316 0.216316 0.216316 0.216316 0.216316 0.127214 -0.0848079 0.0232983 0.0766616 -0.00181419 0.0766616 0.0766616 0.0766616 0.217377 -0.0681287 0.0766616 0.217377 0.217377 -0.0681287 0.077753 0.0766616 0.0763076 0.0761172 -0.0688908 -0.0682816 0.0514195 -0.0675207 -0.0356912 -0.0350407
-0.0611806 1 -0.00850696 1 1 0.983743 1 -0.133322 0.122782 -0.0346264 -0.029706 0.102209 0.141989 0.102209 0.102209 0.102209 -0.0525843 0.102209 0.00699342 -0.0072327 0.00768516 -0.0200378 0.102209 0.104638 0.103006 0.103006 0.103006 0.103006 0.134957 0.134502 0 -0.0630565 -0.0831468 0.210285 0.0764261 0.114528 0.0120087 -0.0569163 0.115295 -0.0659042 -0.0662245 0.533358 -0.0655831 -0.0932951 -0.0536715 -0.0735561 -0.0573969 -0.0641113 -0.106087 -0.109431 -0.109431 -0.0560143 -0.07482 -0.0738976 -0.0742046 -0.0742046 -0.0742046 -0.0742046 -0.0742046 -0.0738976 -0.0738976 -0.0731378 -0.0743659 0.218057 0.218057 0.218057 0.218057 0.0761449 0.218057 0.218057 -0.0626188 0.0757641 0.0757641 0.0768518 0.0757641 0.0757641 0.0757641 0.0757641 0.0757641 0.0757641 0.0761172 0.216316 0.216316 0.216316 0.216316 0.216316 0.127214 -0.0848079 0.0232983 0.0766616 -0.00181419 0.0766616 0.0766616 0.0766616 0.217377 -0.0681287 0.0766616 0.217377 0.217377 -0.0681287 0.077753 0.0766616 0.0763076 0.0761172 -0.0688908 -0.0682816 0.0514195 -0.0675207 -0.0356912 -0.0350407
-0.0597148 0.983743 -0.00701888 0.983743 0.983743 1 0.983743 -0.13666 0.115272 -0.0340635 -0.0292231 0.102391 0.142833 0.102391 0.102391 0.102391 -0.0517295 0.102391 -0.0118292 -0.00574893 -0.0112495 -0.019712 0.102391 0.104786 0.103176 0.103176 0.103176 0.103176 0.135657 0.135205 0 -0.0728095 -0.080214 0.217896 0.0790017 0.116318 0.0138262 -0.0551193 0.11708 -0.0648328 -0.0651479 0.543183 -0.0645169 -0.0950894 -0.0564606 -0.0716178 -0.0608212 -0.0622513 -0.107968 -0.111248 -0.111248 -0.0539155 -0.0781206 -0.0772059 -0.0775103 -0.0775103 -0.0775103 -0.0775103 -0.0775103 -0.0772059 -0.0772059 -0.0764611 -0.0776788 0.224519 0.224519 0.224519 0.224519 0.0770119 0.224519 0.224519 -0.0616008 0.0766414 0.0766414 0.0777121 0.0766414 0.0766414 0.0766414 0.0766414 0.0766414 0.0766414 0.0769912 0.222745 0.222745 0.222745 0.222745 0.222745 0.13042 -0.0813654 0.0248056 0.0775271 0 0.0775271 0.0775271 0.0775271 0.223837 -0.0715925 0.0775271 0.223837 0.223837 -0.0715925 0.0786015 0.0775271 0.0771764 0.0769912 -0.0723388 -0.071735 0.0533776 -0.0709899 -0.0377822 -0.0371544
-0.0611806 1 -0.00850696 1 1 0.983743 1 -0.133322 0.122782 -0.0346264 -0.029706 0.102209 0.141989 0.102209 0.102209 0.102209 -0.0525843 0.102209 0.00699342 -0.0072327 0.00768516 -0.0200378 0.102209 0.104638 0.103006 0.103006 0.103006 0.103006 0.134957 0.134502 0 -0.0630565 -0.0831468 0.210285 0.0764261 0.114528 0.0120087 -0.0569163 0.115295 -0.0659042 -0.0662245 0.533358 -0.0655831 -0.0932951 -0.0536715 -0.0735561 -0.0573969 -0.0641113 -0.106087 -0.109431 -0.109431 -0.0560143 -0.07482 -0.0738976 -0.0742046 -0.0742046 -0.0742046 -0.0742046 -0.0742046 -0.0738976 -0.0738976 -0.0731378 -0.0743659 0.218057 0.218057 0.218057 0.218057 0.0761449 0.218057 0.218057 -0.0626188 0.0757641 0.0757641 0.0768518 0.0757641 0.0757641 0.0757641 0.0757641 0.0757641 0.0757641 0.0761172 0.216316 0.216316 0.216316 0.216316 0.216316 0.127214 -0.0848079 0.0232983 0.0766616 -0.00181419 0.0766616 0.0766616 0.0766616 0.217377 -0.0681287 0.0766616 0.217377 0.217377 -0.0681287 0.077753 0.0766616 0.0763076 0.0761172 -0.0688908 -0.0682816 0.0514195 -0.0675207 -0.0356912 -0.0350407
0.149438 -0.133322 -0.177444 -0.133322 -0.133322 -0.13666 -0.133322 1 0.967205 -0.076594 -0.0552666 -0.582648 -0.585762 -0.582648 -0.582648 -0.582648 -0.159338 -0.582648 -0.168497 0.220898 -0.1702 -0.055771 -0.582648 -0.574153 -0.58362 -0.58362 -0.58362 -0.58362 -0.585743 -0.584594 -0.116797 -0.324254 -0.35097 0.10589 0.114946 -0.0540469 -0.164754 0.0217378 -0.0569085 -0.135113 -0.133983 -0.169323 -0.136255 0.103661 -0.0961211 -0.00488603 -0.0927606 0.0861833 -0.0299263 -0.0399392 -0.0399392 0.0529232 -0.0820821 -0.0807867 -0.0805043 -0.0805043 -0.0805043 -0.0805043 -0.0805043 -0.0829262 -0.0829262 -0.0818101 -0.0828246 -0.133543 -0.133543 -0.133543 -0.133543 -0.164716 -0.133543 -0.133543 0.0853997 -0.168648 -0.168648 -0.165741 -0.168648 -0.168648 -0.168648 -0.168648 -0.168648 -0.168648 -0.169165 -0.138651 -0.138651 -0.138651 -0.138651 -0.138651 0.0474196 0.136985 0.0743531 -0.16771 -0.116776 -0.16771 -0.16771 -0.16771 -0.136107 -0.0792885 -0.16771 -0.136107 -0.136107 -0.0792885 -0.164803 -0.16771 -0.167194 -0.167036 -0.0804083 -0.0788223 -0.135747 -0.0777034 -0.0912602 -0.0904952
0.133963 0.122782 -0.179868 0.122782 0.122782 0.115272 0.122782 0.967205 1 -0.0855735 -0.0629557 -0.557254 -0.550177 -0.557254 -0.557254 -0.557254 -0.173034 -0.557254 -0.166936 0.219348 -0.168464 -0.060983 -0.557254 -0.548124 -0.558023 -0.558023 -0.558023 -0.558023 -0.55196 -0.550926 -0.117156 -0.34086 -0.372762 0.159928 0.134691 -0.024769 -0.161902 0.0071808 -0.027438 -0.152189 -0.151139 -0.0328632 -0.15325 0.0798929 -0.110008 -0.0237442 -0.107598 0.0698708 -0.0571559 -0.0680397 -0.0680397 0.0386402 -0.10137 -0.0998366 -0.0996325 -0.0996325 -0.0996325 -0.0996325 -0.0996325 -0.101979 -0.101979 -0.100667 -0.101997 -0.077841 -0.077841 -0.077841 -0.077841 -0.145427 -0.077841 -0.077841 0.0694686 -0.149462 -0.149462 -0.146272 -0.149462 -0.149462 -0.149462 -0.149462 -0.149462 -0.149462 -0.149889 -0.0834026 -0.0834026 -0.0834026 -0.0834026 -0.0834026 0.0800879 0.115438 0.0804262 -0.148293 -0.117401 -0.148293 -0.148293 -0.148293 -0.0805831 -0.0968578 -0.148293 -0.0805831 -0.0805831 -0.0968578 -0.145102 -0.148293 -0.147867 -0.147758 -0.0981745 -0.0964302 -0.122755 -0.0951147 -0.100533 -0.0995999
0.00568842 -0.0346264 -0.0330965 -0.0346264 -0.0346264 -0.0340635 -0.0346264 -0.076594 -0.0855735 1 -0.0311156 0.125691 0.123952 0.125691 0.125691 0.125691 -0.0356511 0.125691 -0.0370887 0.0297882 -0.0366034 -0.0209886 0.125691 0.12829 0.126527 0.126527 0.126527 0.126527 0.125235 0.124781 -0.0346264 -0.0579869 0.166097 0.103468 0.0692501 0.101763 -0.013363 0.0299893 0.0946412 -0.0197232 -0.0202286 -0.0518466 -0.0192148 0.0730584 -0.0695376 0 -0.0395734 0.016904 -0.0542876 -0.0501901 -0.0501901 0.00968158 -0.0575723 -0.0566395 -0.05695 -0.05695 -0.05695 -0.05695 -0.05695 -0.0566395 -0.0566395 -0.0558315 -0.0570738 -0.0414923 -0.0414923 -0.0414923 -0.0414923 -0.108819 -0.0414923 -0.0414923 -0.0482382 -0.101635 -0.101635 -0.100553 -0.101635 -0.101635 -0.101635 -0.101635 -0.101635 -0.101635 -0.101473 -0.0416575 -0.0416575 -0.0416575 -0.0416575 -0.0416575 0.0122041 -0.0768758 0.0190677 -0.100932 -0.0059723 -0.100932 -0.100932 -0.100932 -0.0418618 -0.0746581 -0.100932 -0.0418618 -0.0418618 -0.0746581 -0.0998506 -0.100932 -0.101094 -0.101473 -0.0754539 -0.0748125 -0.0383655 -0.074018 -0.110441 -0.11009
-0.0354746 -0.029706 -0.0458665 -0.029706 -0.029706 -0.0292231 -0.029706 -0.0552666 -0.0629557 -0.0311156 1 0.0947145 0.093259 0.0947145 0.0947145 0.0947145 -0.0472527 0.0947145 -0.0485209 -0.0213788 -0.0481946 -0.0180061 0.0947145 0.0969059 0.0954311 0.0954311 0.0954311 0.0954311 0.0943418 0.0939706 -0.029706 0.144918 0.189097 -0.0354962 -0.0394417 -0 -0.0228214 0 0 0.168555 0.167483 -0.0444792 0.169638 0.0809374 -0.0539267 -0.00949617 -0.0325941 -0.00951869 -0.0560618 -0.0591713 -0.0591713 -0.0149631 -0.0504496 -0.0496477 -0.0499146 -0.0499146 -0.0499146 -0.0499146 -0.0499146 -0.0496477 -0.0496477 -0.0489551 -0.0500231 0.149739 0.149739 0.149739 0.149739 0.0638395 0.149739 0.149739 -0.0362306 0.0634883 0.0634883 0.0644642 0.0634883 0.0634883 0.0634883 0.0634883 0.0634883 0.0634883 0.0638002 0.148458 0.148458 0.148458 0.148458 0.148458 -0.0350513 -0.0113443 -0.0324722 0.0642887 -0.0173057 0.0642887 0.0642887 0.0642887 0.149186 -0.0348629 0.0642887 0.149186 0.149186 -0.0348629 0.0652679 0.0642887 0.0639759 0.0638002 -0.0355674 -0.0350459 -0.0329138 -0.0343421 -0.012289 -0.0116151
-0.0551401 0.102209 0.232154 0.102209 0.102209 0.102391 0.102209 -0.582648 -0.557254 0.125691 0.0947145 1 0.994709 1 1 1 0.252734 1 0.249772 -0.170943 0.250245 -0.080618 1 0.991509 0.996807 0.996807 0.996807 0.996807 0.992541 0.993622 0.127113 0.468292 0.554058 0.103961 -0.08996 0.419133 -0.154314 0.0595891 0.41719 0.251206 0.246673 0.210144 0.255777 0.0946542 -0.232803 -0.0210746 -0.208121 0.003936 -0.172825 -0.15504 -0.15504 0.0412221 -0.171884 -0.176978 -0.174565 -0.174565 -0.174565 -0.174565 -0.174565 -0.172679 -0.172679 -0.176002 -0.170633 0.25301 0.25301 0.25301 0.25301 0.0636581 0.25301 0.25301 0.00432377 0.0709022 0.0709022 0.0673688 0.0709022 0.0709022 0.0709022 0.0709022 0.0709022 0.0709022 0.0706285 0.255214 0.255214 0.255214 0.255214 0.255214 -0.0263298 -0.0724775 -0.035855 0.0699296 -0.117854 0.0699296 0.0699296 0.0699296 0.253226 -0.0991011 0.0699296 0.253226 0.253226 -0.0991011 0.066393 0.0699296 0.0680672 0.0684898 -0.0979429 -0.100744 -0.0794402 -0.101904 -0.0387032 -0.0421353
-0.058032 0.141989 0.234912 0.141989 0.141989 0.142833 0.141989 -0.585762 -0.550177 0.123952 0.093259 0.994709 1 0.994709 0.994709 0.994709 0.249919 0.994709 0.252122 -0.172479 0.252636 -0.0811951 0.994709 0.98632 0.991557 0.991557 0.991557 0.991557 0.995767 0.996825 0.125433 0.466049 0.547178 0.103262 -0.0667843 0.422153 -0.155941 0.0560412 0.420245 0.247862 0.243329 0.207572 0.252433 0.0989478 -0.233905 -0.0249002 -0.210938 0 -0.178282 -0.160677 -0.160677 0.0373621 -0.175138 -0.18018 -0.177786 -0.177786 -0.177786 -0.177786 -0.177786 -0.175893 -0.175893 -0.179177 -0.173874 0.248404 0.248404 0.248404 0.248404 0.059621 0.248404 0.248404 0.00180272 0.0668159 0.0668159 0.0633338 0.0668159 0.0668159 0.0668159 0.0668159 0.0668159 0.0668159 0.0665492 0.25061 0.25061 0.25061 0.25061 0.25061 0.00770065 -0.0758958 -0.0295821 0.0658729 -0.119414 0.0658729 0.0658729 0.0658729 0.248608 -0.100127 0.0658729 0.248608 0.248608 -0.100127 0.0623875 0.0658729 0.0640096 0.0644165 -0.0990039 -0.101774 -0.0731594 -0.1029 -0.0344936 -0.037865
-0.0551401 0.102209 0.232154 0.102209 0.102209 0.102391 0.102209 -0.582648 -0.557254 0.125691 0.0947145 1 0.994709 1 1 1 0.252734 1 0.249772 -0.170943 0.250245 -0.080618 1 0.991509 0.996807 0.996807 0.996807 0.996807 0.992541 0.993622 0.127113 0.468292 0.554058 0.103961 -0.08996 0.419133 -0.154314 0.0595891 0.41719 0.251206 0.246673 0.210144 0.255777 0.0946542 -0.232803 -0.0210746 -0.208121 0.003936 -0.172825 -0.15504 -0.15504 0.0412221 -0.171884 -0.176978 -0.174565 -0.174565 -0.174565 -0.174565 -0.174565 -0.172679 -0.172679 -0.176002 -0.170633 0.25301 0.25301 0.25301 0.25301 0.0636581 0.25301 0.25301 0.00432377 0.0709022 0.0709022 0.0673688 0.0709022 0.0709022 0.0709022 0.0709022 0.0709022 0.0709022 0.0706285 0.255214 0.255214 0.255214 0.255214 0.255214 -0.0263298 -0.0724775 -0.035855 0.0699296 -0.117854 0.0699296 0.0699296 0.0699296 0.253226 -0.0991011 0.0699296 0.253226 0.253226 -0.0991011 0.066393 0.0699296 0.0680672 0.0684898 -0.0979429 -0.100744 -0.0794402 -0.101904 -0.0387032 -0.0421353
-0.0551401 0.102209 0.232154 0.102209 0.102209 0.102391 0.102209 -0.582648 -0.557254 0.125691 0.0947145 1 0.994709 1 1 1 0.252734 1 0.249772 -0.170943 0.250245 -0.080618 1 0.991509 0.996807 0.996807 0.996807 0.996807 0.992541 0.993622 0.127113 0.468292 0.554058 0.103961 -0.08996 0.419133 -0.154314 0.0595891 0.41719 0.251206 0.246673 0.210144 0.255777 0.0946542 -0.232803 -0.0210746 -0.208121 0.003936 -0.172825 -0.15504 -0.15504 0.0412221 -0.171884 -0.176978 -0.174565 -0.174565 -0.174565 -0.174565 -0.174565 -0.172679 -0.172679 -0.176002 -0.170633 0.25301 0.25301 0.25301 0.25301 0.0636581 0.25301 0.25301 0.00432377 0.0709022 0.0709022 0.0673688 0.0709022 0.0709022 0.0709022 0.0709022 0.0709022 0.0709022 0.0706285 0.255214 0.255214 0.255214 0.255214 0.255214 -0.0263298 -0.0724775 -0.035855 0.0699296 -0.117854 0.0699296 0.0699296 0.0699296 0.253226 -0.0991011 0.0699296 0.253226 0.253226 -0.0991011 0.066393 0.0699296 0.0680672 0.0684898 -0.0979429 -0.100744 -0.0794402 -0.101904 -0.0387032 -0.0421353
-0.0551401 0.102209 0.232154 0.102209 0.102209 0.102391 0.102209 -0.582648 -0.557254 0.125691 0.0947145 1 0.994709 1 1 1 0.252734 1 0.249772 -0.170943 0.250245 -0.080618 1 0.991509 0.996807 0.996807 0.996807 0.996807 0.992541 0.993622 0.127113 0.468292 0.554058 0.103961 -0.08996 0.419133 -0.154314 0.0595891 0.41719 0.251206 0.246673 0.210144 0.255777 0.0946542 -0.232803 -0.0210746 -0.208121 0.003936 -0.172825 -0.15504 -0.15504 0.0412221 -0.171884 -0.176978 -0.174565 -0.174565 -0.174565 -0.174565 -0.174565 -0.172679 -0.172679 -0.176002 -0.170633 0.25301 0.25301 0.25301 0.25301 0.0636581 0.25301 0.25301 0.00432377 0.0709022 0.0709022 0.0673688 0.0709022 0.0709022 0.0709022 0.0709022 0.0709022 0.0709022 0.0706285 0.255214 0.255214 0.255214 0.255214 0.255214 -0.0263298 -0.0724775 -0.035855 0.0699296 -0.117854 0.0699296 0.0699296 0.0699296 0.253226 -0.0991011 0.0699296 0.253226 0.253226 -0.0991011 0.066393 0.0699296 0.0680672 0.0684898 -0.0979429 -0.100744 -0.0794402 -0.101904 -0.0387032 -0.0421353
-0.0462855 -0.0525843 -0.0277319 -0.0525843 -0.0525843 -0.0517295 -0.0525843 -0.159338 -0.173034 -0.0356511 -0.0472527 0.252734 0.249919 0.252734 0.252734 0.252734 1 0.252734 -0.0347877 -0.0529319 -0.0339347 0 0.252734 0.251629 0.254003 0.254003 0.254003 0.254003 0.251953 0.251176 -0.0322972 0.373721 0.226831 -0.0623538 -0.069818 0.185083 -0.0552165 -0.0910748 0.186309 0.671703 0.668519 -0.0223851 0.674924 0.204184 -0.14526 -0.0880589 -0.120962 -0.0862932 -0.202218 -0.202362 -0.202362 -0.0859144 -0.15042 -0.148902 -0.149407 -0.149407 -0.149407 -0.149407 -0.149407 -0.148902 -0.148902 -0.147712 -0.149732 0.447672 0.447672 0.447672 0.447672 0.171921 0.447672 0.447672 -0.0654477 0.176637 0.176637 0.178385 0.176637 0.176637 0.176637 0.176637 0.176637 0.176637 0.177263 0.45216 0.45216 0.45216 0.45216 0.45216 -0.0446372 -0.074874 -0.0574809 0.17291 -0.046529 0.17291 0.17291 0.17291 0.446461 -0.124179 0.17291 0.446461 0.446461 -0.124179 0.174664 0.17291 0.172289 0.172036 -0.120059 -0.129711 -0.0213759 -0.123197 -0.0921489 -0.091274
-0.0551401 0.102209 0.232154 0.102209 0.102209 0.102391 0.102209 -0.582648 -0.557254 0.125691 0.0947145 1 0.994709 1 1 1 0.252734 1 0.249772 -0.170943 0.250245 -0.080618 1 0.991509 0.996807 0.996807 0.996807 0.996807 0.992541 0.993622 0.127113 0.468292 0.554058 0.103961 -0.08996 0.419133 -0.154314 0.0595891 0.41719 0.251206 0.246673 0.210144 0.255777 0.0946542 -0.232803 -0.0210746 -0.208121 0.003936 -0.172825 -0.15504 -0.15504 0.0412221 -0.171884 -0.176978 -0.174565 -0.174565 -0.174565 -0.174565 -0.174565 -0.172679 -0.172679 -0.176002 -0.170633 0.25301 0.25301 0.25301 0.25301 0.0636581 0.25301 0.25301 0.00432377 0.0709022 0.0709022 0.0673688 0.0709022 0.0709022 0.0709022 0.0709022 0.0709022 0.0709022 0.0706285 0.255214 0.255214 0.255214 0.255214 0.255214 -0.0263298 -0.0724775 -0.035855 0.0699296 -0.117854 0.0699296 0.0699296 0.0699296 0.253226 -0.0991011 0.0699296 0.253226 0.253226 -0.0991011 0.066393 0.0699296 0.0680672 0.0684898 -0.0979429 -0.100744 -0.0794402 -0.101904 -0.0387032 -0.0421353
-0.0587263 0.00699342 0.921089 0.00699342 0.00699342 -0.0118292 0.00699342 -0.168497 -0.166936 -0.0370887 -0.0485209 0.249772 0.252122 0.249772 0.249772 0.249772 -0.0347877 0.249772 1 -0.0550221 0.993585 -0.0327291 0.249772 0.253981 0.251075 0.251075 0.251075 0.251075 0.254205 0.253413 -0.0133363 0.555023 -0.0791366 -0.117915 -0.0413846 0.180275 -0.0174145 -0.0686396 0.181513 -0.0536069 -0.0543162 -0.0667314 -0.0528938 0.169667 -0.101614 -0.106792 -0.101857 -0.0737846 -0.151239 -0.15676 -0.15676 -0.0740536 -0.111169 -0.10968 -0.110176 -0.110176 -0.110176 -0.110176 -0.110176 -0.10968 -0.10968 -0.108433 -0.110415 -0.103282 -0.103282 -0.103282 -0.103282 -0.171927 -0.103282 -0.103282 -0.0452294 -0.173136 -0.173136 -0.171454 -0.173136 -0.173136 -0.173136 -0.173136 -0.173136 -0.173136 -0.1729 -0.0954088 -0.0954088 -0.0954088 -0.0954088 -0.0954088 0.00607111 0.299375 -0.0215959 -0.172058 0.0229206 -0.172058 -0.172058 -0.172058 -0.0958766 -0.110779 -0.172058 -0.0958766 -0.0958766 -0.110779 -0.170377 -0.172058 -0.172294 -0.1729 -0.112024 -0.11103 -0.0413443 -0.109786 -0.101036 -0.100166
-0.0859455 -0.0072327 -0.0492783 -0.0072327 -0.0072327 -0.00574893 -0.0072327 0.220898 0.219348 0.0297882 -0.0213788 -0.170943 -0.172479 -0.170943 -0.170943 -0.170943 -0.0529319 -0.170943 -0.0550221 1 -0.0543237 -0.0304796 -0.170943 -0.173751 -0.175267 -0.175267 -0.175267 -0.175267 -0.176631 -0.176785 -0.0287586 -0.0946954 -0.0826634 -0.0962488 0.398549 -0.0555977 -0.0641141 -0.0642529 -0.0604037 -0.0659161 -0.0665215 -0.0155008 -0.0653078 -0.0634762 0.121354 -0.0772742 0.121561 -0.0765797 0.0709807 0.0652763 0.0652763 -0.0839034 0.125035 0.126055 0.125715 0.125715 0.125715 0.125715 0.125715 0.126055 0.126055 0.12735 0.125989 -0.0722699 -0.0722699 -0.0722699 -0.0722699 0.0591589 -0.0722699 -0.0722699 -0.0590056 0.0584674 0.0584674 0.0601039 0.0584674 0.0584674 0.0584674 0.0584674 0.0584674 0.0584674 0.0589393 -0.072436 -0.072436 -0.072436 -0.072436 -0.072436 0.384 -0.104028 0.420594 0.0597584 -0.0566282 0.0597584 0.0597584 0.0597584 -0.0727912 0.109839 0.0597584 -0.0727912 -0.0727912 0.109839 0.0613991 0.0597584 0.0592853 0.0589393 0.108521 0.103597 -0.0361449 0.104912 -0.128309 -0.127654
-0.0575385 0.00768516 0.913597 0.00768516 0.00768516 -0.0112495 0.00768516 -0.1702 -0.168464 -0.0366034 -0.0481946 0.250245 0.252636 0.250245 0.250245 0.250245 -0.0339347 0.250245 0.993585 -0.0543237 1 -0.032509 0.250245 0.254433 0.251539 0.251539 0.251539 0.251539 0.254708 0.253919 -0.0127541 0.552541 -0.0769322 -0.115835 -0.0559745 0.181257 -0.016491 -0.0673399 0.182491 -0.0525918 -0.0532986 -0.0661116 -0.0518812 0.170363 -0.103383 -0.10545 -0.103987 -0.0724039 -0.152203 -0.157682 -0.157682 -0.0726035 -0.113104 -0.111621 -0.112114 -0.112114 -0.112114 -0.112114 -0.112114 -0.111621 -0.111621 -0.110383 -0.112358 -0.101914 -0.101914 -0.101914 -0.101914 -0.173048 -0.101914 -0.101914 -0.0442342 -0.174253 -0.174253 -0.172583 -0.174253 -0.174253 -0.174253 -0.174253 -0.174253 -0.174253 -0.174021 -0.0940022 -0.0940022 -0.0940022 -0.0940022 -0.0940022 0.00687557 0.298071 -0.0209973 -0.173185 0.00961965 -0.173185 -0.173185 -0.173185 -0.0944631 -0.112878 -0.173185 -0.0944631 -0.0944631 -0.112878 -0.171516 -0.173185 -0.173417 -0.174021 -0.114113 -0.113122 -0.0408424 -0.111889 -0.102539 -0.101686
-0.0460852 -0.0200378 -0.0309386 -0.0200378 -0.0200378 -0.019712 -0.0200378 -0.055771 -0.060983 -0.0209886 -0.0180061 -0.080618 -0.0811951 -0.080618 -0.080618 -0.080618 0 -0.080618 -0.0327291 -0.0304796 -0.032509 1 -0.080618 -0.0795611 -0.0935539 -0.0935539 -0.0935539 -0.0935539 -0.0940639 -0.0940917 -0.0200378 -0.0595183 -0.0644925 -0.0832094 -0.0266048 -0.080021 0.41309 -0.0289493 -0.0798691 -0.0122061 0.0151498 -0.0300028 -0.0119147 0.00669416 0.0906968 -0.0209502 0.0900563 -0.0336542 0.0701542 0.0677698 0.0677698 -0.0364744 0.095061 0.0953952 0.0952837 0.0952837 0.0952837 0.0952837 0.0952837 0.0953952 0.0953952 0.0959376 0.0954908 -0.0181859 -0.0181859 -0.0181859 -0.0181859 0.0863591 -0.0181859 -0.0181859 -0.00866895 0.086208 0.086208 0.08688 0.086208 0.086208 0.086208 0.086208 0.086208 0.086208 0.0864682 -0.0183173 -0.0183173 -0.0183173 -0.0183173 -0.0183173 -0.0236434 -0.0307563 -0.0219036 0.0868046 0.337962 0.0868046 0.0868046 0.0868046 -0.0184071 0.100808 0.0868046 -0.0184071 -0.0184071 0.100808 0.08748 0.0868046 0.0865436 0.0864682 0.10024 0.10047 -0.0222015 0.101038 -0.0114293 -0.0109889
-0.0551401 0.102209 0.232154 0.102209 0.102209 0.102391 0.102209 -0.582648 -0.557254 0.125691 0.0947145 1 0.994709 1 1 1 0.252734 1 0.249772 -0.170943 0.250245 -0.080618 1 0.991509 0.996807 0.996807 0.996807 0.996807 0.992541 0.993622 0.127113 0.468292 0.554058 0.103961 -0.08996 0.419133 -0.154314 0.0595891 0.41719 0.251206 0.246673 0.210144 0.255777 0.0946542 -0.232803 -0.0210746 -0.208121 0.003936 -0.172825 -0.15504 -0.15504 0.0412221 -0.171884 -0.176978 -0.174565 -0.174565 -0.174565 -0.174565 -0.174565 -0.172679 -0.172679 -0.176002 -0.170633 0.25301 0.25301 0.25301 0.25301 0.0636581 0.25301 0.25301 0.00432377 0.0709022 0.0709022 0.0673688 0.0709022 0.0709022 0.0709022 0.0709022 0.0709022 0.0709022 0.0706285 0.255214 0.255214 0.255214 0.255214 0.255214 -0.0263298 -0.0724775 -0.035855 0.0699296 -0.117854 0.0699296 0.0699296 0.0699296 0.253226 -0.0991011 0.0699296 0.253226 0.253226 -0.0991011 0.066393 0.0699296 0.0680672 0.0684898 -0.0979429 -0.100744 -0.0794402 -0.101904 -0.0387032 -0.0421353
-0.0503989 0.104638 0.236122 0.104638 0.104638 0.104786 0.104638 -0.574153 -0.548124 0.12829 0.0969059 0.991509 0.98632 0.991509 0.991509 0.991509 0.251629 0.991509 0.253981 -0.173751 0.254433 -0.0795611 0.991509 1 0.992538 0.992538 0.992538 0.992538 0.988337 0.987314 0.0796607 0.466927 0.541118 0.107993 -0.0935984 0.430986 -0.156901 0.0616615 0.429026 0.251762 0.247251 0.213948 0.256309 0.102498 -0.243838 -0.0209189 -0.216093 0.00641963 -0.178 -0.159918 -0.159918 0.0441491 -0.181057 -0.184048 -0.183771 -0.183771 -0.183771 -0.183771 -0.183771 -0.181892 -0.181892 -0.185282 -0.179847 0.256767 0.256767 0.256767 0.256767 0.0546578 0.256767 0.256767 0.0083737 0.0619392 0.0619392 0.058324 0.0619392 0.0619392 0.0619392 0.0619392 0.0619392 0.0619392 0.061637 0.258984 0.258984 0.258984 0.258984 0.258984 -0.0238917 -0.0654238 -0.0336297 0.0609002 -0.121005 0.0609002 0.0609002 0.0609002 0.257005 -0.110841 0.0609002 0.257005 0.257005 -0.110841 0.0572814 0.0609002 0.0590602 0.059492 -0.109619 -0.112452 -0.0848794 -0.113677 -0.0332585 -0.0367278
-0.0533075 0.103006 0.233386 0.103006 0.103006 0.103176 0.103006 -0.58362 -0.558023 0.126527 0.0954311 0.996807 0.991557 0.996807 0.996807 0.996807 0.254003 0.996807 0.251075 -0.175267 0.251539 -0.0935539 0.996807 0.992538 1 1 1 1 0.995755 0.994709 0.127911 0.46765 0.554704 0.104717 -0.0950903 0.421261 -0.158511 0.0616238 0.421428 0.252797 0.248271 0.211338 0.257359 0.0964524 -0.236412 -0.0187374 -0.210048 0.00610281 -0.173007 -0.155135 -0.155135 0.0434754 -0.175666 -0.178624 -0.178355 -0.178355 -0.178355 -0.178355 -0.178355 -0.176474 -0.176474 -0.179819 -0.174432 0.255356 0.255356 0.255356 0.255356 0.0591577 0.255356 0.255356 0.0058334 0.0664058 0.0664058 0.0628453 0.0664058 0.0664058 0.0664058 0.0664058 0.0664058 0.0664058 0.0661205 0.257556 0.257556 0.257556 0.257556 0.257556 -0.0253896 -0.0688654 -0.034984 0.065408 -0.122549 0.065408 0.065408 0.065408 0.255579 -0.10529 0.065408 0.255579 0.255579 -0.10529 0.0618441 0.065408 0.0635572 0.0639818 -0.104108 -0.106916 -0.0785577 -0.1081 -0.0398723 -0.0433293
-0.0533075 0.103006 0.233386 0.103006 0.103006 0.103176 0.103006 -0.58362 -0.558023 0.126527 0.0954311 0.996807 0.991557 0.996807 0.996807 0.996807 0.254003 0.996807 0.251075 -0.175267 0.251539 -0.0935539 0.996807 0.992538 1 1 1 1 0.995755 0.994709 0.127911 0.46765 0.554704 0.104717 -0.0950903 0.421261 -0.158511 0.0616238 0.421428 0.252797 0.248271 0.211338 0.257359 0.0964524 -0.236412 -0.0187374 -0.210048 0.00610281 -0.173007 -0.155135 -0.155135 0.0434754 -0.175666 -0.178624 -0.178355 -0.178355 -0.178355 -0.178355 -0.178355 -0.176474 -0.176474 -0.179819 -0.174432 0.255356 0.255356 0.255356 0.255356 0.0591577 0.255356 0.255356 0.0058334 0.0664058 0.0664058 0.0628453 0.0664058 0.0664058 0.0664058 0.0664058 0.0664058 0.0664058 0.0661205 0.257556 0.257556 0.257556 0.257556 0.257556 -0.0253896 -0.0688654 -0.034984 0.065408 -0.122549 0.065408 0.065408 0.065408 0.255579 -0.10529 0.065408 0.255579 0.255579 -0.10529 0.0618441 0.065408 0.0635572 0.0639818 -0.104108 -0.106916 -0.0785577 -0.1081 -0.0398723 -0.0433293
-0.0533075 0.103006 0.233386 0.103006 0.103006 0.103176 0.103006 -0.58362 -0.558023 0.126527 0.0954311 0.996807 0.991557 0.996807 0.996807 0.996807 0.254003 0.996807 0.251075 -0.175267 0.251539 -0.0935539 0.996807 0.992538 1 1 1 1 0.995755 0.994709 0.127911 0.46765 0.554704 0.104717 -0.0950903 0.421261 -0.158511 0.0616238 0.421428 0.252797 0.248271 0.211338 0.257359 0.0964524 -0.236412 -0.0187374 -0.210048 0.00610281 -0.173007 -0.155135 -0.155135 0.0434754 -0.175666 -0.178624 -0.178355 -0.178355 -0.178355 -0.178355 -0.178355 -0.176474 -0.176474 -0.179819 -0.174432 0.255356 0.255356 0.255356 0.255356 0.0591577 0.255356 0.255356 0.0058334 0.0664058 0.0664058 0.0628453 0.0664058 0.0664058 0.0664058 0.0664058 0.0664058 0.0664058 0.0661205 0.257556 0.257556 0.257556 0.257556 0.257556 -0.0253896 -0.0688654 -0.034984 0.065408 -0.122549 0.065408 0.065408 0.065408 0.255579 -0.10529 0.065408 0.255579 0.255579 -0.10529 0.0618441 0.065408 0.0635572 0.0639818 -0.104108 -0.106916 -0.0785577 -0.1081 -0.0398723 -0.0433293
-0.0533075 0.103006 0.233386 0.103006 0.103006 0.103176 0.103006 -0.58362 -0.558023 0.126527 0.0954311 0.996807 0.991557 0.996807 0.996807 0.996807 0.254003 0.996807 0.251075 -0.175267 0.251539 -0.0935539 0.996807 0.992538 1 1 1 1 0.995755 0.994709 0.127911 0.46765 0.554704 0.104717 -0.0950903 0.421261 -0.158511 0.0616238 0.421428 0.252797 0.248271 0.211338 0.257359 0.0964524 -0.236412 -0.0187374 -0.210048 0.00610281 -0.173007 -0.155135 -0.155135 0.0434754 -0.175666 -0.178624 -0.178355 -0.178355 -0.178355 -0.178355 -0.178355 -0.176474 -0.176474 -0.179819 -0.174432 0.255356 0.255356 0.255356 0.255356 0.0591577 0.255356 0.255356 0.0058334 0.0664058 0.0664058 0.0628453 0.0664058 0.0664058 0.0664058 0.0664058 0.0664058 0.0664058 0.0661205 0.257556 0.257556 0.257556 0.257556 0.257556 -0.0253896 -0.0688654 -0.034984 0.065408 -0.122549 0.065408 0.065408 0.065408 0.255579 -0.10529 0.065408 0.255579 0.255579 -0.10529 0.0618441 0.065408 0.0635572 0.0639818 -0.104108 -0.106916 -0.0785577 -0.1081 -0.0398723 -0.0433293
-0.0556721 0.134957 0.236876 0.134957 0.134957 0.135657 0.134957 -0.585743 -0.55196 0.125235 0.0943418 0.992541 0.995767 0.992541 0.992541 0.992541 0.251953 0.992541 0.254205 -0.176631 0.254708 -0.0940639 0.992541 0.988337 0.995755 0.995755 0.995755 0.995755 1 0.998939 0.126668 0.46684 0.549647 0.102712 -0.0716472 0.424865 -0.159936 0.0588275 0.425057 0.250321 0.245792 0.209449 0.254888 0.100792 -0.238327 -0.0218227 -0.213796 0.00320918 -0.178771 -0.161025 -0.161025 0.0404138 -0.179699 -0.18262 -0.182363 -0.182363 -0.182363 -0.182363 -0.182363 -0.180473 -0.180473 -0.18379 -0.178454 0.251871 0.251871 0.251871 0.251871 0.0551306 0.251871 0.251871 0.00381516 0.0623435 0.0623435 0.0588209 0.0623435 0.0623435 0.0623435 0.0623435 0.0623435 0.0623435 0.0620626 0.254073 0.254073 0.254073 0.254073 0.254073 0.00184958 -0.0711914 -0.0360942 0.0613675 -0.123889 0.0613675 0.0613675 0.0613675 0.252084 -0.107055 0.0613675 0.252084 0.252084 -0.107055 0.0578416 0.0613675 0.0595155 0.0599269 -0.105899 -0.108684 -0.0720852 -0.109842 -0.0360977 -0.0395069
-0.0562027 0.134502 0.236133 0.134502 0.134502 0.135205 0.134502 -0.584594 -0.550926 0.124781 0.0939706 0.993622 0.996825 0.993622 0.993622 0.993622 0.251176 0.993622 0.253413 -0.176785 0.253919 -0.0940917 0.993622 0.987314 0.994709 0.994709 0.994709 0.994709 0.998939 1 0.126224 0.468397 0.550361 0.104013 -0.0718978 0.424262 -0.160123 0.0580683 0.422346 0.24944 0.244914 0.208757 0.254003 0.100738 -0.237496 -0.0225688 -0.215054 0.00248443 -0.18054 -0.162842 -0.162842 0.0396078 -0.178904 -0.183959 -0.18156 -0.18156 -0.18156 -0.18156 -0.18156 -0.179672 -0.179672 -0.182977 -0.177656 0.250736 0.250736 0.250736 0.250736 0.0572574 0.250736 0.250736 0.003308 0.0644603 0.0644603 0.0609519 0.0644603 0.0644603 0.0644603 0.0644603 0.0644603 0.0644603 0.0641844 0.252937 0.252937 0.252937 0.252937 0.252937 0.00153441 -0.0722916 -0.0363328 0.063495 -0.124092 0.063495 0.063495 0.063495 0.250947 -0.104123 0.063495 0.250947 0.250947 -0.104123 0.0599833 0.063495 0.0616408 0.0620518 -0.102977 -0.105756 -0.0722769 -0.106904 -0.0356582 -0.0390543
-0.0611806 0 -0.0297744 0 0 0 0 -0.116797 -0.117156 -0.0346264 -0.029706 0.127113 0.125433 0.127113 0.127113 0.127113 -0.0322972 0.127113 -0.0133363 -0.0287586 -0.0127541 -0.0200378 0.127113 0.0796607 0.127911 0.127911 0.127911 0.127911 0.126668 0.126224 1 -0.027921 0.225764 0.180494 0.0042352 0.0734376 -0.00913335 -0.0569163 0.0741185 -0.0487417 -0.0491211 -0.0270804 -0.0483607 0.0993307 -0.0619134 -0.0150668 -0.065979 -0.0641113 -0.106087 -0.109431 -0.109431 -0.0684952 -0.0497014 -0.0488192 -0.0491128 -0.0491128 -0.0491128 -0.0491128 -0.0491128 -0.0488192 -0.0488192 -0.0480448 -0.0492196 -0.0342071 -0.0342071 -0.0342071 -0.0342071 -0.0813848 -0.0342071 -0.0342071 -0.0626188 -0.0820778 -0.0820778 -0.0893502 -0.0820778 -0.0820778 -0.0820778 -0.0820778 -0.0820778 -0.0820778 -0.0819058 -0.034398 -0.034398 -0.034398 -0.034398 -0.034398 -0.011303 0.0824294 -0.00641892 -0.0813864 -0.00181419 -0.0813864 -0.0813864 -0.0813864 -0.0345667 -0.059655 -0.0813864 -0.0345667 -0.0345667 -0.059655 -0.0886704 -0.0813864 -0.0815587 -0.0819058 -0.0604234 -0.0598225 0.0220704 -0.0675207 -0.0609444 -0.060408
-0.085765 -0.0630565 0.527355 -0.0630565 -0.0630565 -0.0728095 -0.0630565 -0.324254 -0.34086 -0.0579869 0.144918 0.468292 0.466049 0.468292 0.468292 0.468292 0.373721 0.468292 0.555023 -0.0946954 0.552541 -0.0595183 0.468292 0.466927 0.46765 0.46765 0.46765 0.46765 0.46684 0.468397 -0.027921 1 0.262985 -0.151971 -0.0692633 0.183287 -0.0836953 -0.101169 0.182248 0.414424 0.411371 -0.0900947 0.417508 0.16092 -0.0648603 -0.118224 -0.0677425 -0.108048 -0.142506 -0.147025 -0.147025 -0.114592 -0.0667534 -0.0672954 -0.0650919 -0.0650919 -0.0650919 -0.0650919 -0.0650919 -0.0642627 -0.0642627 -0.0619152 -0.0652334 0.218993 0.218993 0.218993 0.218993 0.0953314 0.218993 0.218993 -0.100545 0.0939411 0.0939411 0.0850712 0.0939411 0.0939411 0.0939411 0.0939411 0.0939411 0.0939411 0.0948394 0.230099 0.230099 0.230099 0.230099 0.230099 -0.0254073 0.0672508 -0.0426495 0.0934179 -0.033155 0.0934179 0.0934179 0.0934179 0.226658 -0.057302 0.0934179 0.226658 0.226658 -0.057302 0.0845385 0.0934179 0.0925208 0.0918221 -0.056602 -0.0610758 -0.0236159 -0.0679216 -0.0422651 -0.0400449
0.0150344 -0.0831468 -0.0740163 -0.0831468 -0.0831468 -0.080214 -0.0831468 -0.35097 -0.372762 0.166097 0.189097 0.554058 0.547178 0.554058 0.554058 0.554058 0.226831 0.554058 -0.0791366 -0.0826634 -0.0769322 -0.0644925 0.554058 0.541118 0.554704 0.554704 0.554704 0.554704 0.549647 0.550361 0.225764 0.262985 1 0.0823194 -0.0874173 0.188138 -0.121983 0.148111 0.18811 0.169311 0.166526 -0.0883848 0.172119 0.0122162 -0.1181 0.101091 -0.134182 0.0997978 -0.00227208 0.025621 0.025621 0.0979384 -0.0282121 -0.0352602 -0.0337738 -0.0337738 -0.0337738 -0.0337738 -0.0337738 -0.0326799 -0.0326799 -0.0346327 -0.0338472 0.0603585 0.0603585 0.0603585 0.0603585 0.0138939 0.0603585 0.0603585 0.18436 0.0246043 0.0246043 0.0263255 0.0246043 0.0246043 0.0246043 0.0246043 0.0246043 0.0246043 0.025703 0.0661129 0.0661129 0.0661129 0.0661129 0.0661129 -0.0542832 -0.10946 -0.0627974 0.0227132 -0.0917335 0.0227132 0.0227132 0.0227132 0.0586603 -0.0163213 0.0227132 0.0586603 0.0586603 -0.0163213 0.0244368 0.0227132 0.0216177 0.0231358 -0.0117379 -0.0173819 -0.065797 -0.0115131 -0.00504074 -0.0096285
0.469934 0.210285 -0.107287 0.210285 0.210285 0.217896 0.210285 0.10589 0.159928 0.103468 -0.0354962 0.103961 0.103262 0.103961 0.103961 0.103961 -0.0623538 0.103961 -0.117915 -0.0962488 -0.115835 -0.0832094 0.103961 0.107993 0.104717 0.104717 0.104717 0.104717 0.102712 0.104013 0.180494 -0.151971 0.0823194 1 -0.063835 0.46801 -0.0639407 0.055159 0.466113 -0.125857 -0.127696 0.132342 -0.124008 0.290276 -0.35978 -0.00679356 -0.330743 0.0270447 -0.328202 -0.300062 -0.300062 0.0111796 -0.314563 -0.313298 -0.312003 -0.312003 -0.312003 -0.312003 -0.312003 -0.313298 -0.313298 -0.312719 -0.31526 -0.0508726 -0.0508726 -0.0508726 -0.0508726 -0.22192 -0.0508726 -0.0508726 -0.0259498 -0.219457 -0.219457 -0.217666 -0.219457 -0.219457 -0.219457 -0.219457 -0.219457 -0.219457 -0.218604 -0.0560818 -0.0560818 -0.0560818 -0.0560818 -0.0560818 -0.0171114 0.209406 -0.00380269 -0.218986 -0.0633387 -0.218986 -0.218986 -0.218986 -0.0563568 -0.185168 -0.218986 -0.0563568 -0.0563568 -0.185168 -0.217198 -0.218986 -0.219839 -0.218604 -0.185801 -0.18337 -0.0798781 -0.182738 0.0330396 0.0261558
-0.0345349 0.0764261 -0.0360647 0.0764261 0.0764261 0.0790017 0.0764261 0.114946 0.134691 0.0692501 -0.0394417 -0.08996 -0.0667843 -0.08996 -0.08996 -0.08996 -0.069818 -0.08996 -0.0413846 0.398549 -0.0559745 -0.0266048 -0.08996 -0.0935984 -0.0950903 -0.0950903 -0.0950903 -0.0950903 -0.0716472 -0.0718978 0.0042352 -0.0692633 -0.0874173 -0.063835 1 0.158572 -0.0525095 -0.060853 0.153465 -0.0875033 -0.0879286 -0.0155904 -0.087077 0.164228 -0.108506 -0.0676896 -0.0985975 -0.0713174 -0.141233 -0.145672 -0.145672 -0.0775701 -0.0913447 -0.0901328 -0.0905361 -0.0905361 -0.0905361 -0.0905361 -0.0905361 -0.0901328 -0.0901328 -0.0891193 -0.0907329 -0.0915456 -0.0915456 -0.0915456 -0.0915456 -0.135289 -0.0915456 -0.0915456 -0.0696354 -0.13007 -0.13007 -0.134893 -0.13007 -0.13007 -0.13007 -0.13007 -0.13007 -0.13007 -0.129866 -0.0915157 -0.0915157 -0.0915157 -0.0915157 -0.0915157 0.609007 -0.0812215 0.57225 -0.12918 -0.0119171 -0.12918 -0.12918 -0.12918 -0.0919644 -0.0697316 -0.12918 -0.0919644 -0.0919644 -0.0697316 -0.134012 -0.12918 -0.129384 -0.129866 -0.0707589 -0.0699704 0.0826279 -0.0752545 -0.061114 -0.0603123
0.225604 0.114528 0.177848 0.114528 0.114528 0.116318 0.114528 -0.0540469 -0.024769 0.101763 -0 0.419133 0.422153 0.419133 0.419133 0.419133 0.185083 0.419133 0.180275 -0.0555977 0.181257 -0.080021 0.419133 0.430986 0.421261 0.421261 0.421261 0.421261 0.424865 0.424262 0.0734376 0.183287 0.188138 0.46801 0.158572 1 -0.194572 0.302841 0.993717 0.217402 0.216644 0.233189 0.218169 0.42924 -0.764831 0.168196 -0.693465 0.23472 -0.503971 -0.486206 -0.486206 0.259045 -0.661806 -0.662861 -0.663218 -0.663218 -0.663218 -0.663218 -0.663218 -0.662861 -0.662861 -0.661106 -0.660392 0.232848 0.232848 0.232848 0.232848 -0.350206 0.232848 0.232848 -0.070183 -0.34245 -0.34245 -0.348887 -0.34245 -0.34245 -0.34245 -0.34245 -0.34245 -0.34245 -0.340721 0.22822 0.22822 0.22822 0.22822 0.22822 0.119269 0.19629 0.09777 -0.340766 -0.145073 -0.340766 -0.340766 -0.340766 0.226132 -0.499244 -0.340766 0.226132 0.226132 -0.499244 -0.347221 -0.340766 -0.340379 -0.340721 -0.49673 -0.498385 -0.135065 -0.50306 -0.0999435 -0.104687
-0.0599059 0.0120087 -0.00974954 0.0120087 0.0120087 0.0138262 0.0120087 -0.164754 -0.161902 -0.013363 -0.0228214 -0.154314 -0.155941 -0.154314 -0.154314 -0.154314 -0.0552165 -0.154314 -0.0174145 -0.0641141 -0.016491 0.41309 -0.154314 -0.156901 -0.158511 -0.158511 -0.158511 -0.158511 -0.159936 -0.160123 -0.00913335 -0.0836953 -0.121983 -0.0639407 -0.0525095 -0.194572 1 -0.0502986 -0.194159 -0.0800265 -0.0694012 -0.0035822 -0.0794486 -0.145766 0.225533 -0.0665269 0.270429 -0.0638568 0.187104 0.186267 0.186267 -0.0472766 0.220168 0.221063 0.220764 0.220764 0.220764 0.220764 0.220764 0.221063 0.221063 0.222441 0.215755 -0.068693 -0.068693 -0.068693 -0.068693 0.178161 -0.068693 -0.068693 -0.0736639 0.177688 0.177688 0.179398 0.177688 0.177688 0.177688 0.177688 0.177688 0.177688 0.178305 -0.0688948 -0.0688948 -0.0688948 -0.0688948 -0.0688948 -0.0425267 -0.0870343 -0.0367436 0.179162 0.75831 0.179162 0.179162 0.179162 -0.0609828 0.22353 0.179162 -0.0609828 -0.0609828 0.22353 0.18088 0.179162 0.183983 0.183752 0.227644 0.228262 -0.0185286 0.229699 0.0864397 0.0880928
